4368096
4368307
4368732
4368742
4369507
4369512
4369527
4369722
4369737
4369747
4369821
4369975
4370011
4370068
4370073
4370101
4370163
4370212
4370232
4370280
4370304
4370308
4370325
4370360
4370424
4370428
4370430
4370439
4370448
4370457
4370476
4370479
4370559
4370604
4370610
4370625
4370632
4370652
4370673
4370742
4370764
4370794
4370838
4370841
4370925
4370952
4370956
4370959
4370961
4370985
4371000
4371004
4371018
4371029
4371109
4371171
4371193
4371198
4371258
4371261
4371291
4371303
4371392
4371394
4371396
4371398
4371457
4371459
4371484
4371488
4371519
4371575
4371624
4371694
4371697
4371712
4371720
4371732
4371734
4371742
4371841
4371856
4371862
4371878
4371886
4371889
4371895
4371912
4371948
4371965
4372024
4372043
4372048
4372078
4372152
4372158
4372162
4372172
4372194
4372198
4372208
4372213
4372222
4372227
4372270
4372273
4372276
4372285
4372304
4372315
4372317
4372339
4372344
4372350
4372360
4372411
4372414
4372438
4372510
4372524
4372529
4372545
4372547
4372551
4372566
4372583
4372589
4372595
4372597
4372599
4372611
4372613
4372666
4372680
4372682
4372684
4372686
4372726
4372747
4372749
4372765
4372770
4372777
4372782
4372789
4372792
4372810
4372818
4372820
4372823
4372837
4372847
4372851
4372856
4372876
4372880
4372892
4372897
4372917
4372931
4372965
4373008
4373013
4373019
4373024
4373027
4373030
4373035
4373039
4373067
4373118
4373129
4373220
4373229
4373257
4373263
4373265
4373267
4373287
4373289
4373291
4373307
4373328
4373330
4373339
4373342
4373352
4373392
4373394
4373423
4373436
4373451
4373456
4373500
4373513
4373516
4373520
4373525
4373540
4373542
4373544
4373563
4373567
4373571
4373573
4373602
4373607
4373681
4373713
4373732
4373745
4373748
4373755
4373757
4373765
4373769
4373772
4373774
4373829
4373864
4373870
4373893
4373903
4373912
4373919
4373922
4373924
4373931
4373936
4373979
4374008
4374010
4374015
4374017
4374044
4374047
4374052
4374063
4374077
4374079
4374098
4374103
4374108
4374114
4374185
4374226
4374235
4374241
4374253
4374257
4374265
4374271
4374273
4374277
4374283
4374309
4374315
4374342
4374367
4374372
4374386
4374399
4374435
4374460
4374492
4374495
4374505
4374517
4374576
4374579
4374608
4374678
4374730
4374766
4374784
4374840
4374855
4374936
4374938
4374958
4374965
4374972
4374998
4375004
4375032
4375050
4375067
4375105
4375111
4375116
4375123
4375261
4375267
4375269
4375273
4375275
4375280
4375290
4375294
4375311
4375330
4375367
4375386
4375389
4375392
4375407
4375409
4375449
4375463
4375473
4375489
4375493
4375507
4375509
4375522
4375571
4375585
4375587
4375595
4375659
4375674
4375677
4375696
4375706
4375710
4375738
4375779
4375781
4375785
4375795
4375798
4375806
4375832
4375842
4375865
4375890
4375908
4375942
4375988
4376005
4376021
4376047
4376074
4376078
4376109
4376134
4376176
4376182
4376194
4376206
4376218
4376225
4376269
4376273
4376320
4376336
4376374
4376389
4376396
4376398
4376483
4376511
4376528
4376551
4376569
4376576
4376581
4376589
4376618
4376632
4376640
4376650
4376664
4376680
4376682
4376695
4376722
4376736
4376739
4376757
4376778
4376832
4376874
4376889
4376892
4376952
4376961
4376964
4376988
4376997
4377000
4377061
4377065
4377082
4377102
4377117
4377156
4377171
4377178
4377212
4377229
4377246
4377302
4377304
4377306
4377309
4377333
4377343
4377367
4377440
4377457
4377562
4377575
4377593
4377632
4377652
4377666
4377669
4377691
4377699
4377701
4377753
4377761
4377782
4377786
4377793
4377801
4377803
4377806
4377831
4377844
4377873
4377906
4377951
4377960
4377999
4378020
4378025
4378033
4378039
4378147
4378152
4378169
4378173
4378236
4378257
4378273
4378297
4378300
4378308
4378346
4378556
4378608
4378745
4378767
4378769
4378811
4378856
4378895
4378962
4378980
4379048
4379082
4379106
4379174
4379226
4379235
4379244
4379310
4379319
4379328
4379349
4379355
4379450
4379502
4379538
4379541
4379550
4379552
4379568
4379598
4379618
4379639
4379670
4379677
4379688
4379691
4379721
4379728
4379736
4379745
4379760
4379793
4379847
4379900
4379918
4379940
4379991
4380000
4380009
4380021
4380030
4380065
4380105
4380123
4380131
4380137
4380144
4380147
4380177
4380179
4380185
4380192
4380198
4380247
4380249
4380263
4380270
4380284
4380290
4380354
4380398
4380417
4380420
4380432
4380435
4380437
4380443
4380447
4380449
4380459
4380539
4380545
4380599
4380602
4380639
4380642
4380645
4380653
4380663
4380692
4380714
4380728
4380732
4380740
4380744
4380774
4380788
4380810
4380830
4380843
4380866
4380876
4380878
4380882
4380885
4380894
4380914
4380920
4380927
4380932
4380936
4380968
4380984
4380992
4381008
4381023
4381077
4381100
4381103
4381131
4381133
4381140
4381146
4381175
4381187
4381191
4381251
4381314
4381322
4381332
4381359
4381373
4381401
4381403
4381412
4381428
4381461
4381476
4381487
4381489
4381503
4381620
4381686
4381694
4381700
4381704
4381707
4381712
4381716
4381770
4381775
4381790
4381829
4381844
4381860
4381886
4381889
4381904
4381907
4381910
4381931
4381934
4381992
4382013
4382033
4382082
4382084
4382087
4382090
4382099
4382103
4382135
4382139
4382199
4382207
4382232
4382256
4382270
4382349
4382385
4382399
4382453
4382466
4382501
4382525
4382531
4382546
4382556
4382561
4382573
4382583
4382606
4382622
4382643
4382652
4382669
4382681
4382688
4382730
4382742
4382745
4382793
4382802
4382805
4382811
4382813
4382916
4382922
4382967
4382969
4382972
4383060
4383077
4383095
4383099
4383107
4383117
4383135
4383141
4383144
4383150
4383194
4383206
4383212
4383215
4383221
4383224
4383227
4383237
4383243
4383245
4383263
4383267
4383311
4383341
4383389
4383399
4383410
4383414
4383425
4383428
4383494
4383528
4383534
4383561
4383627
4383630
4383632
4383648
4383653
4383678
4383684
4383698
4383705
4383711
4383716
4383725
4383728
4383744
4383755
4383770
4383779
4383782
4383786
4383825
4383827
4383833
4383854
4383888
4383891
4383896
4383947
4383975
4383983
4383988
4384004
4384014
4384016
4384020
4384053
4384062
4384077
4384110
4384116
4384125
4384128
4384145
4384169
4384188
4384226
4384257
4384263
4384289
4384322
4384328
4384362
4384376
4384383
4384407
4384425
4384442
4384460
4384496
4384514
4384544
4384550
4384559
4384562
4384571
4384595
4384608
4384646
4384664
4384671
4384709
4384731
4384751
4384827
4384833
4384847
4384863
4384872
4384874
4384899
4384908
4384911
4384931
4384952
4384986
4384988
4385025
4385028
4385037
4385048
4385053
4385069
4385074
4385078
4385080
4385085
4385088
4385094
4385099
4385102
4385115
4385133
4385145
4385168
4385171
4385173
4385175
4385177
4385182
4385190
4385200
4385248
4385257
4385400
4385402
4385406
4385410
4385434
4385468
4385481
4385483
4385491
4385504
4385523
4385548
4385552
4385604
4385606
4385608
4385611
4385617
4385626
4385630
4385646
4385665
4385668
4385680
4385684
4385687
4385690
4385699
4385701
4385716
4385718
4385729
4385734
4385736
4385745
4385747
4385755
4385757
4385806
4385808
4385818
4385849
4385854
4385859
4385873
4385878
4385896
4385907
4385912
4385920
4385923
4385926
4385933
4385944
4385966
4385968
4386010
4386016
4386027
4386035
4386038
4386041
4386050
4386071
4386084
4386104
4386106
4386111
4386113
4386125
4386130
4386143
4386145
4386151
4386155
4386157
4386160
4386170
4386225
4386228
4386307
4386338
4386345
4386351
4386353
4386361
4386363
4386379
4386404
4386406
4386412
4386436
4386440
4386463
4386492
4386494
4386508
4386513
4386523
4386529
4386558
4386565
4386568
4386571
4386597
4386627
4386636
4386650
4386670
4386693
4386706
4386710
4386720
4386730
4386734
4386764
4386770
4386794
4386796
4386799
4386842
4386854
4386864
4386874
4386881
4386894
4386915
4386925
4386928
4386930
4386932
4386947
4386971
4386985
4386990
4386992
4386999
4387005
4387007
4387009
4387011
4387015
4387047
4387106
4387108
4387229
4387240
4387269
4387284
4387286
4387290
4387292
4387294
4387306
4387313
4387318
4387328
4387343
4387347
4387349
4387394
4387398
4387424
4387429
4387433
4387447
4387472
4387485
4387500
4387510
4387521
4387525
4387586
4387612
4387616
4387622
4387625
4387660
4387664
4387765
4387789
4387832
4387897
4387973
4387979
4387984
4387991
4388021
4388032
4388040
4388047
4388051
4388057
4388060
4388063
4388068
4388073
4388089
4388105
4388126
4388129
4388132
4388141
4388145
4388154
4388160
4388176
4388206
4388210
4388235
4388242
4388261
4388263
4388281
4388285
4388303
4388305
4388313
4388321
4388343
4388413
4388420
4388423
4388429
4388434
4388446
4388477
4388479
4388496
4388507
4388510
4388517
4388535
4388566
4388579
4388589
4388605
4388683
4388703
4388705
4388712
4388715
4388720
4388725
4388731
4388741
4388786
4388789
4388800
4388815
4388822
4388863
4388869
4388878
4388880
4388887
4388927
4388929
4388972
4388974
4388996
4388998
4389014
4389021
4389025
4389034
4389039
4389052
4389065
4389074
4389089
4389140
4389148
4389159
4389177
4389211
4389224
4389226
4389232
4389256
4389305
4389309
4389315
4389318
4389338
4389351
4389357
4389359
4389363
4389377
4389422
4389430
4389473
4389492
4389513
4389524
4389526
4389532
4389541
4389544
4389549
4389586
4389598
4389606
4389631
4389639
4389648
4389655
4389657
4389660
4389666
4389672
4389703
4389859
4389889
4389898
4389903
4389931
4389940
4389946
4389952
4389955
4389958
4389982
4389984
4389994
4389996
4390006
4390013
4390016
4390027
4390046
4390108
4390113
4390138
4390144
4390159
4390205
4390209
4390213
4390228
4390233
4390237
4390243
4390263
4390270
4390313
4390318
4390335
4390372
4390406
4390411
4390454
4390488
4390492
4390510
4390514
4390537
4390540
4390543
4390546
4390573
4390580
4390582
4390631
4390645
4390726
4390751
4390787
4390812
4390851
4390864
4390873
4390883
4390900
4390910
4390912
4390920
4390924
4390933
4390940
4390943
4390951
4390960
4390986
4391026
4391030
4391033
4391035
4391045
4391051
4391060
4391062
4391064
4391069
4391095
4391102
4391107
4391114
4391119
4391139
4391161
4391194
4391200
4391223
4391225
4391227
4391230
4391240
4391244
4391256
4391267
4391270
4391276
4391295
4391304
4391311
4391332
4391347
4391354
4391356
4391376
4391378
4391380
4391382
4391451
4391460
4391464
4391471
4391473
4391491
4391502
4391508
4391514
4391517
4391520
4391525
4391543
4391552
4391566
4391603
4391631
4391638
4391641
4391675
4391726
4391728
4391742
4391777
4391799
4391808
4391810
4391818
4391822
4391862
4391883
4391892
4391896
4391905
4391916
4391921
4391946
4391950
4391968
4391994
4392010
4392014
4392019
4392026
4392030
4392032
4392035
4392041
4392057
4392060
4392063
4392073
4392086
4392093
4392108
4392142
4392152
4392181
4392209
4392214
4392218
4392221
4392231
4392241
4392283
4392306
4392313
4392380
4392389
4392391
4392396
4392403
4392406
4392408
4392410
4392413
4392418
4392424
4392433
4392437
4392559
4392603
4392614
4392620
4392625
4392662
4392664
4392691
4392716
4392732
4392740
4392802
4392812
4392823
4392826
4392830
4392923
4392941
4392944
4392997
4393002
4393034
4393093
4393105
4393118
4393121
4393146
4393175
4393200
4393201
4393214
4393217
4393222
4393247
4393267
4393284
4393315
4393317
4393325
4393330
4393357
4393374
4393376
4393383
4393400
4393403
4393416
4393421
4393424
4393426
4393442
4393445
4393449
4393453
4393461
4393464
4393494
4393517
4393533
4393544
4393549
4393553
4393557
4393566
4393571
4393576
4393582
4393585
4393633
4393668
4393677
4393679
4393731
4393733
4393736
4393740
4393772
4393776
4393784
4393788
4393813
4393818
4393820
4393841
4393868
4393873
4393883
4393886
4393891
4393906
4393908
4393925
4393953
4393960
4393976
4393981
4393990
4394005
4394019
4394026
4394032
4394039
4394042
4394057
4394109
4394112
4394145
4394148
4394150
4394165
4394171
4394174
4394178
4394183
4394187
4394189
4394193
4394251
4394260
4394264
4394304
4394315
4394317
4394328
4394330
4394333
4394335
4394375
4394382
4394413
4394429
4394431
4394438
4394448
4394459
4394468
4394516
4394553
4394560
4394615
4394647
4394662
4394672
4394676
4394681
4394683
4394721
4394757
4394762
4394790
4394913
4394977
4394980
4394983
4394985
4394988
4394993
4394996
4395001
4395009
4395033
4395038
4395073
4395076
4395078
4395084
4395103
4395119
4395125
4395276
4395279
4395283
4395286
4395301
4395316
4395338
4395346
4395356
4395360
4395363
4395374
4395382
4395387
4395391
4395393
4395395
4395427
4395432
4395452
4395496
4395519
4395528
4395533
4395537
4395564
4395568
4395621
4395624
4395638
4395669
4395680
4395708
4395731
4395771
4395779
4395782
4395784
4395794
4395823
4395828
4395836
4395844
4395848
4395850
4395856
4395867
4395873
4395877
4395880
4395883
4395894
4395947
4395949
4395951
4395959
4395968
4395996
4396004
4396019
4396024
4396037
4396040
4396043
4396047
4396049
4396055
4396058
4396078
4396082
4396104
4396116
4396130
4396162
4396274
4396301
4396318
4396322
4396335
4396345
4396347
4396364
4396409
4396445
4396456
4396466
4396517
4396536
4396542
4396586
4396594
4396626
4396658
4396676
4396708
4396726
4396732
4396745
4396765
4396788
4396801
4396812
4396826
4396834
4396847
4396854
4396892
4396930
4396940
4396948
4396963
4396972
4396974
4396979
4396982
4396986
4397045
4397050
4397086
4397090
4397150
4397243
4397246
4397294
4368889
4368893
4368901
4368909
4369266
4369397
4369719
4369758
4369772
4370022
4370059
4370159
4370173
4370180
4370216
4370269
4370289
4370612
4370702
4370755
4370775
4370778
4370787
4370798
4370860
4370969
4370972
4371022
4371037
4371081
4371191
4371300
4371335
4371377
4371606
4371705
4371736
4371844
4371882
4371891
4371897
4372290
4372443
4372497
4372570
4372678
4372894
4372960
4373065
4373284
4373322
4373337
4373439
4373604
4373697
4373799
4373845
4373943
4374012
4374143
4374145
4374169
4374223
4374245
4374281
4374305
4374467
4374473
4374478
4374554
4374563
4374611
4374630
4374635
4374676
4374750
4374761
4374763
4374773
4374794
4374812
4374942
4374978
4374985
4375013
4375044
4375359
4375513
4375519
4375641
4375791
4375815
4375872
4376178
4376328
4376347
4376364
4376394
4376400
4376469
4376755
4376829
4377063
4377183
4377226
4377244
4377268
4377454
4377604
4377613
4377627
4377694
4377697
4377738
4377763
4377925
4378171
4378204
4378231
4378240
4378270
4378303
4378387
4378438
4378528
4378552
4378554
4378558
4378564
4378567
4378597
4378612
4378732
4378756
4378765
4378771
4378879
4378906
4378908
4378912
4378975
4378984
4378987
4379041
4379056
4379058
4379179
4379224
4379251
4379254
4379308
4379338
4379380
4379392
4379458
4379500
4379524
4379530
4379545
4379554
4379662
4379686
4379704
4379755
4379809
4379989
4380007
4380016
4380019
4380100
4380154
4380160
4380175
4380232
4380244
4380253
4380256
4380319
4380415
4380427
4380430
4380445
4380451
4380541
4380649
4380667
4380697
4380703
4380730
4380784
4380817
4380847
4380850
4380856
4380862
4380880
4380907
4380916
4380964
4380970
4380973
4381039
4381048
4381069
4381072
4381096
4381108
4381129
4381177
4381189
4381207
4381222
4381240
4381303
4381336
4381339
4381342
4381348
4381351
4381357
4381363
4381618
4381675
4381702
4381714
4381756
4381759
4381849
4381867
4381918
4381975
4381990
4382002
4382008
4382011
4382035
4382074
4382101
4382110
4382128
4382137
4382197
4382254
4382293
4382359
4382362
4382371
4382410
4382455
4382515
4382518
4382527
4382542
4382548
4382569
4382629
4382647
4382662
4382683
4382686
4382755
4382809
4382815
4382836
4382854
4382896
4382974
4382977
4383031
4383058
4383067
4383085
4383196
4383247
4383325
4383355
4383430
4383490
4383514
4383550
4383553
4383577
4383622
4383661
4383703
4383739
4383742
4383760
4383763
4383886
4383910
4383943
4383994
4384000
4384072
4384075
4384090
4384108
4384147
4384162
4384195
4384204
4384234
4384249
4384267
4384285
4384297
4384324
4384378
4384414
4384432
4384438
4384444
4384492
4384552
4384576
4384588
4384591
4384660
4384669
4384753
4384759
4384765
4384771
4384801
4384984
4384990
4384996
4385011
4385044
4385065
4385104
4385161
4386366
4387302
4387311
4387362
4388202
4388298
4388514
4389144
4389534
4390245
4390551
4390647
4390731